38
0: [[101, 95, 223, 5], [75, 28, 0, 0], [119, 73, 0, 0], [69, 77, 0, 0]]
1: [[65, 229, 107, 5], [53, 92, 0, 0], [138, 0, 0, 0], [15, 75, 0, 0]]
2: [[182, 174, 77, 3], [111, 65, 0, 0], [22, 66, 0, 0], [23, 29, 0, 0]]
3: [[70, 12, 212, 1], [27, 89, 0, 0], [149, 98, 0, 0], [20, 55, 0, 0]]
4: [[28, 199, 62, 1], [18, 15, 0, 0], [29, 84, 0, 0], [86, 9, 0, 0]]
5: [[130, 9, 85, 1], [50, 36, 0, 0], [71, 60, 0, 0], [23, 86, 0, 0]]
6: [[118, 38, 0, 1], [0, 1, 0, 0], [6, 63, 0, 0], [51, 79, 0, 0]]
7: [[95, 141, 253, 1], [81, 95, 0, 0], [7, 92, 0, 0], [95, 75, 0, 0]]
8: [[65, 18, 106, 6], [0, 20, 0, 0], [40, 51, 0, 0], [31, 59, 0, 0]]
9: [[79, 203, 0, 1], [19, 25, 0, 0], [63, 76, 0, 0], [58, 16, 0, 0]]
10: [[75, 83, 213, 1], [48, 74], [138, 1], [29, 24]]
11: [[122, 205, 5, 1], [144, 99, 0, 0], [82, 8, 0, 0], [46, 11, 0, 0]]
12: [[195, 62, 142, 2], [29, 12, 0, 0], [0, 28, 0, 0], [57, 81, 0, 0]]
13: [[10, 9, 132, 1], [7, 31, 0, 0], [88, 39, 0, 0], [72, 10, 0, 0]]
14: [[197, 127, 197, 1], [77, 53], [126, 40], [12, 0]]
15: [[117, 213, 102, 1], [0, 85, 0, 0], [140, 58, 0, 0], [63, 36, 0, 0]]
16: [[69, 159, 77, 1], [99, 19], [66, 11], [53, 70]]
17: [[67, 10, 124, 1], [3, 43, 0, 0], [77, 2, 0, 0], [78, 59, 0, 0]]
18: [[171, 120, 53, 1], [84, 36], [75, 69], [24, 63]]
19: [[4, 6, 51, 1], [121, 98, 0, 0], [98, 56, 0, 0], [132, 62, 0, 0]]
20: [[196, 32, 45, 1], [9, 99, 0, 0], [69, 45, 0, 0], [59, 91, 0, 0]]
21: [[120, 62, 18, 1], [140, 68], [39, 16], [145, 33]]
22: [[38, 80, 71, 1], [136, 83], [35, 53], [29, 71]]
23: [[16, 37, 86, 1], [11, 52, 0, 0], [113, 96, 0, 0], [23, 29, 0, 0]]
24: [[239, 126, 191, 1], [116, 23], [89, 80], [34, 32]]
25: [[16, 65, 183, 1], [68, 60], [70, 3], [137, 41]]
26: [[52, 23, 88, 1], [34, 51, 0, 0], [112, 82, 0, 0], [106, 49, 0, 0]]
27: [[81, 75, 109, 1], [15, 51], [133, 43], [48, 39]]
28: [[39, 50, 123, 1], [114, 40], [86, 4], [37, 72]]
29: [[75, 141, 56, 1], [126, 10], [22, 33], [141, 72]]
30: [[130, 8, 168, 1], [27, 92], [143, 78], [63, 4]]
31: [[0, 94, 96, 1], [118, 49, 0, 0], [117, 0, 0, 0], [14, 88, 0, 0]]
32: [[31, 250, 73, 1], [142, 76], [65, 22], [49, 37]]
33: [[152, 18, 179, 1], [59, 15], [29, 97], [90, 86]]
34: [[236, 81, 21, 1], [126, 7], [85, 80], [146, 93]]
35: [[96, 225, 167, 1], [138, 41], [20, 10], [84, 71]]
36: [[230, 10, 207, 1], [110, 21], [38, 10], [99, 78]]
37: [[101, 14, 163, 1], [124, 30], [94, 92], [27, 53]]
